"x"
0.0403605820611119
0.897602831902814
0.69209818309173
0.0550617882981896
2.12462165752862
1.33198217670889
0.786986927459848
0.0610986454971824
0.0504863869464175
1.36843909505279
0.220817012246698
2.29094780410144
2.34635706419561
0.719825007910741
0.261376862894792
0.485016348771751
0.642749169841409
2.07225695430281
0.549926874693483
1.38330856333942
0.230814771726727
0.614942086860538
0.588201176375151
1.44611809686792
1.04538522656531
0.704609596128476
2.27409573445532
1.69159597522559
0.183835403062403
1.25368172205509
0.911574793937516
2.49173241561068
0.715086656906146
0.20392646534893
0.549360627308488
1.5364414502006
1.50814650850766
0.461216575466096
1.58585967081044
0.0549652381170072
1.72295957698609
0.400074240826312
0.445030648261309
1.69465209349039
0.040817272138583
0.740098415831936
0.747780362660263
0.614377929829061
0.69182119704783
0.346188127528876
0.100827889858728
1.69833888477626
0.85965988222034
0.667271728627384
0.313145653344691
0.602151792962104
1.30779217086257
0.0986909363418818
0.423346952535212
0.116748039615485
0.0149578894488513
0.500950866323161
1.08708250364577
0.382424518465996
0.0145172239281237
0.345295760780573
0.674807883333415
0.0527193965390325
0.858777651521278
0.27227941993624
1.42989535822395
1.4359764176512
0.661631546448916
0.686736767645925
3.19034124489189
0.393811122048646
1.3065504701388
0.651240712031722
2.03295662804487
0.943635846446169
0.65933744283393
1.00493073645504
1.0848710619728
0.417111801914871
1.02774205719278
0.482299680821598
0.365561976563185
0.27456372400885
0.0950960321351886
1.14374763328106
0.0245100085956046
0.644818239379674
1.14803175251455
1.14441723478439
0.262112662546816
0.787495049605978
1.44656844100587
0.0332880403324138
0.602985385339707
0.875538762572021
