"x"
0.65733403885371
0.464836194144485
0.249062520112586
0.767751604148326
1.22043678295749
0.604502878097068
0.107355928198404
0.663383873784315
0.642442540969533
0.543665900742185
1.2790468012874
2.14108666415965
0.263539352037205
1.40756313875229
0.758174694768091
0.364833428282286
0.962157410512613
0.430569768141281
1.47089185539311
0.128978041274084
2.65261960280789
0.748936798501614
0.0205761580685778
1.31603478062166
1.34821991836884
2.1121817263088
0.0462464772718257
1.31850250377778
2.14586912915058
1.53716152482911
1.82562559872967
1.22706570920699
1.32391859884848
0.403745546808797
0.762982555498355
3.10743967818846
0.816622327753433
0.130239207999748
0.167705043667294
2.34668610061771
0.173355894636443
0.407374946537462
0.011230569300364
0.444096396301717
0.52215660857839
0.215443881855689
0.587768353651647
1.53455920758853
1.30432848034013
0.103597294633492
0.519545499299985
0.00713647622689042
0.172828986760094
0.286835688843118
0.877540787284973
0.570490716040143
0.155930064106489
0.799520893468404
0.190218332948742
0.472856601575176
2.79770590707284
0.351006075997103
1.49894495260528
0.25746743981494
1.40094808335087
1.3260335496784
0.861241823667887
1.15872405221547
0.107698690205525
0.115294140315308
0.545919923176119
0.694235185267762
0.175973883805319
0.12417035872665
1.05068309570027
1.10051992197067
1.35759062276716
0.960806763541558
0.610115115640529
1.75358694837895
0.79221115680309
0.368993271450172
1.46823485603727
0.208427596283824
1.22206271662406
0.090219526965413
0.672867101193354
4.81681772585927
2.84604497029182
0.270065928571389
2.254690869012
0.527722589382468
1.56684235450806
0.159013820935699
0.54102535370922
0.368772745421189
0.545300875174112
0.0920584119348323
1.5467920018709
0.806354902560678
